100,36
0,441
33,281
33,280
33,279
33,278
33,277
33,276
33,275
33,274
33,273
33,272
33,271
33,270
33,269
33,268
33,170
33,169
33,168
33,167
33,166
33,165
33,164
33,163
33,162
33,161
33,160
33,159
100,35
34,10
34,9
34,8
34,1
33,379
33,378
33,377
33,376
33,375
33,374
33,373
33,372
33,371
33,370
33,369
33,368
33,367
33,366
33,365
33,364
33,363
33,331
33,330
33,329
33,328
33,327
33,326
33,325
33,324
33,323
33,322
33,321
33,320
33,319
33,318
33,317
33,316
33,315
33,314
33,313
20,2
33,312
33,311
33,310
33,309
33,308
33,307
33,306
20,1
33,305
33,304
33,303
33,302
33,301
33,300
20,3
33,299
33,298
33,297
33,296
33,295
33,294
33,293
33,292
33,291
33,290
33,289
33,288
33,287
33,286
33,285
33,284
33,283
33,282
33,267
33,266
33,265
33,264
33,150
33,149
33,148
33,147
33,146
33,145
33,144
33,143
33,142
33,141
33,140
33,139
33,138
33,137
33,136
33,135
33,134
19,2
33,133
33,129
33,118
33,113
19,1
33,109
33,108
33,107
33,106
19,3
33,105
33,104
33,103
33,102
33,101
33,99
33,98
33,97
33,96
33,95
33,94
33,93
33,92
33,91
33,90
33,89
33,88
33,87
33,86
33,85
33,83
33,81
33,80
33,79
33,78
33,77
33,76
33,75
33,74
33,73
33,72
33,71
33,70
33,69
33,68
33,67
33,1
33,66
33,65
33,64
11,16
11,15
11,13
